#hitboxes
16 23 17 27
#idle
50 50 4 0 1
0 0
1 0
2 0
3 0
4 0
5 0
6 0
7 0
#walk
50 50 4 0 6
0 0
1 0
2 0
3 0
4 0
5 0
6 0
7 0
8 0
9 0
#crouch_down
50 50 2 0 4
0 0
1 0
2 0
#crouch_idle
50 50 1 0 4
3 0
#crouch_up
50 50 2 0 4
0 0
1 0
2 0
#jump_squat
50 50 1 0 2
0 0
1 0
2 0
3 0
#jump_up
50 50 4 0 2
4 0
5 0
#jump_apex
50 50 2 4 0
0 0
1 0
2 0
3 0
4 0
#jump_fall
50 50 4 0 2
4 0
5 0
#jump_land
50 50 2 0 4
0 0
1 0
2 0
#dash
50 50 4 0 0
0 0
1 0
2 0
3 0
4 0
5 0
6 0
7 0
#run_slow
50 50 4 0 5
0 0
1 0
2 0
3 0
4 0
5 0
6 0
7 0
#run
50 50 4 0 5
0 0
1 0
2 0
3 0
4 0
5 0
6 0
7 0
#run_stop
50 50 2 5 5
3 1
3 1
3 1
2 1
0 1
0 0
1 0
2 0
#pivot
50 50 4 8 0
0 0
1 0
0 1
1 1
0 2
1 2
0 3
1 3