#hitboxes
30 45 35 52
#idle
100 100 4 0 1
0 0
1 0
2 0
3 0
4 0
5 0
6 0
7 0
#walk
100 100 4 0 6
0 0
1 0
2 0
3 0
4 0
5 0
6 0
7 0
8 0
9 0
#crouch_down
100 100 2 0 4
0 0
1 0
2 0
#crouch_idle
100 100 1 0 4
3 0
#crouch_up
100 100 2 0 4
0 0
1 0
2 0
#jump_squat
100 100 1 0 2
0 0
1 0
2 0
3 0
#jump_up
100 100 4 0 2
4 0
5 0
#jump_apex
100 100 2 4 0
0 0
1 0
2 0
3 0
4 0
#jump_fall
100 100 4 0 2
4 0
5 0
#jump_land
100 100 2 0 4
0 0
1 0
2 0
#dash
100 100 4 0 0
0 0
1 0
2 0
3 0
4 0
5 0
6 0
7 0
#run_slow
100 100 4 0 5
0 0
1 0
2 0
3 0
4 0
5 0
6 0
7 0
#run
100 100 4 0 5
0 0
1 0
2 0
3 0
4 0
5 0
6 0
7 0
#run_stop
100 100 2 5 5
3 1
3 1
3 1
2 1
0 1
0 0
1 0
2 0
#pivot
100 100 4 8 0
0 0
1 0
0 1
1 1
0 2
1 2
0 3
1 3